3.3058
3.4699
0.8672
3.0329
3.4023
1.7465
2.7475
0.6408
3.6903
3.3481
1.8764
4.9166
4.6263
3.4163
0.4642
0.5079
2.0784
2.9298
4.9431
4.8759
5.4225
1.9481
1.8649
3.8838
1.9157
2.2147
2.6525
3.423
0.2108
1.4311
4.8652
0.7712
3.5664
3.4457
1.8159
2.7138
2.6491
0.5465
3.9169
3.7409
1.2686
2.5249
2.9686
3.5205
0.0857
5.4801
3.2718
2.5246
2.4337
4.6642
2.4765
1.403
3.0106
1.9225
3.6453
2.6798
5.6776
2.9303
3.1103
2.9223
3.2159
2.5843
3.875
3.0813
4.5409
3.1027
1.7361
5.1602
1.3328
1.2335
3.0489
1.6238
4.6998
2.1533
1.8286
4.2127
4.6546
4.0324
0.9721
0.4164
0.2248
4.6942
6.0299
2.887
2.9652
3.4178
2.9618
1.6505
3.1472
2.3398
2.6829
4.0559
4.0179
2.5637
4.3613
3.2394
2.5689
3.0272
1.2547
3.0192
2.3608
4.2552
2.7715
3.4046
3.4729
4.2072
5.517
1.8279
3.1724
3.4939
1.3019
2.6168
4.2845
4.8164
5.4294
3.5028
5.6743
4.3358
5.0348
2.8969
2.6746
3.3708
5.7922
0.70492
5.7832
2.5484
3.5594
4.0554
2.289
2.8946
2.0199
3.0491
3.2203
4.1081
3.2235
0.5113
4.3011
3.4988
1.8982
3.8065
3.5225
0.2038
3.0562
3.2444
3.906
6.0469
2.8319
4.0586
2.666
2.5267
0.3234
2.9697
2.7328
3.0262
4.2004
2.6807
0.323
3.2724
2.4162
3.1527
0.8391
3.5112
2.1618
4.3629
2.5818
0.9154
2.1437
1.7156
3.3919
3.1932
1.3589
1.8097
2.1956
2.7885
2.4916
2.2475
5.1998
1.1263
3.1205
5.2264
3.0216
2.8433
4.3867
5.0781
3.1698
3.1054
3.3204
4.6675
1.1951
1.1943
3.7623
2.1492
6.0286
4.2691
3.1983
1.0015
3.7757
1.9479
1.984