5.7942
6.6262
2.5809
4.0078
5.3059
3.428
4.2488
7.1654
1.5333
5.8785
0.8468
1.8068
4.9867
3.2143
6.7321
5.4471
2.2995
0.8897
3.9005
2.1464
4.5937
5.9757
0.5141
4.3217
2.1421
3.7583
3.3123
5.0314
5.7918
6.0459
1.5599
7.2402
6.9454
1.9645
5.2726
4.5074
0.7055
0.121
5.0518
5.6109
7.8469
3.6175
2.9669
3.8829
4.5304
4.0124
1.2608
5.3802
7.8785
6.3902
5.079
0.0655
4.0047
8.6984
3.6779
2.8779
7.2857
8.0475
4.2804
4.9114
1.3855
3.3625
3.5643
4.0418
3.5635
5.6307
4.0797
4.8389
2.5368
6.5918
3.1007
6.5002
1.1948
5.1252
6.3253
5.5298
3.6306
2.8761
5.0052
1.8661
4.2343
3.8697
5.0016
7.8347
4.1341
4.8263
0.9624
1.1044
4.8571
4.3107
10.4033
4.0488
5.8403
3.6561
1.7781
3.6523
1.3118
4.5411
3.3352
3.8909
1.0197
4.0066
6.0718
5.5125
7.1746
5.6593
5.2674
5.8864
7.3521
4.8581
5.532
7.8063
0.6228
4.8201
3.4517
3.7046
3.4656
4.8803
5.1528
4.7733
0.2412
4.5798
1.5625
5.2357
3.5422
4.5506
1.1377
4.6936
2.7081
4.1495
2.5205
4.8517
3.1854
5.0475
8.1143
4.4173
3.1339
4.4609
4.8198
10.141
1.2095
3.8398
3.0181
6.8328
2.6952
5.5181
1.0064
12.6432
5.1803
5.8167
1.8787
3.545
5.5174
3.8824
2.0033
4.0555
6.4709
4.6728
3.3918
5.0209
6.4989
7.4897
3.0261
3.9575
7.8718
8.3945
3.3518
8.2323
3.4446
8.0068
6.3017
8.665
5.2645
6.2247
2.7155
9.7914
3.0288
6.5664
4.9479
12.6432
3.5224
4.1232
5.9107
4.0895
5.4773
3.1146
2.5995
8.5623
3.2261
1.882
9.4668
2.0208
3.9017
1.1522
0.5283
7.3849
4.0418
5.0147
7.8905