6.2875
8.6119
9.176
2.6593
6.7268
8.7735
7.3983
12.5232
9.4478
6.8957
8.8391
6.2218
2.7629
2.8521
12.4677
5.0151
8.1086
6.1941
9.4074
6.5599
12.0313
6.8952
5.0003
7.9445
10.7823
7.7408
8.6186
8.5753
7.0431
9.5635
5.6866
6.7265
4.9966
5.3667
4.085
12.0461
3.7919
10.592
8.9854
7.0712
8.7816
9.2865
2.5683
6.9831
6.1497
3.8069
8.0861
5.0849
11.6053
10.6993
7.828
12.5249
7.9213
8.0019
8.0007
8.01
12.151
7.5736
4.9663
8.3706
11.1797
6.7005
9.6757
7.7418
8.0176
8.4897
8.2559
8.1306
7.1042
9.2746
4.71
3.6985
9.5409
9.284
10.68
5.0436
4.13
4.2809
7.1693
7.358
7.4786
8.6554
9.5042
12.3515
6.2222
11.7069
5.9251
7.9537
7.0184
13.1605
10.7042
7.8581
7.4264
7.6485
8.4713
11.5557
7.581
10.7262
7.583
4.4521
7.3223
7.9624
12.5997
6.0939
5.4305
11.1506
11.4678
5.323
7.2986
11.1375
7.3927
6.9872
12.6432
6.3778
4.9247
6.9355
3.3097
8.5942
3.5487
5.9194
9.0291
7.1146
7.8812
7.9509
5.5505
8.059
12.6432
10.047
8.097
5.3903
7.7633
7.9041
4.555
6.285
8.7562
6.8119
8.2381
7.7058
4.4014
9.7519
8.1532
7.8099
8.5654
8.2194
13.4235
8.2021
4.5555
7.4907
7.1395
6.3429
4.2616
2.9241
7.9336
8.3884
7.9626
11.9981
4.5824
8.1909
8.6359
6.6487
11.2343
8.1122
5.8834
10.9856
4.5059
5.8406
8.6351
5.3736
6.3921
8.1821
7.6193
7.0978
11.044
3.5398
9.7897
4.6276
5.5013
7.4101
6.6548
8.6304
8.5633
4.6701
5.7165
4.2814
13.218
8.0233
3.7368
7.5624
8.0909
12.0242
3.8784
4.5545
8.6104
8.8702
12.293
4.8162
7.2975
10.9658
7.6459
10.6112