18.9738
1.6527
2.2429
2.9881
2.1201
8.7427
12.621
11.4863
5.6491
12.6432
5.5547
11.6934
12.9329
15.2118
6.5112
2.4575
8.789
5.6757
7.2566
0.84024
9.2446
9.8041
1.471
9.785
2.752
10.434
17.0863
17.4397
19.2899
0.80521
6.0193
12.6432
2.3231
2.5999
2.0766
2.6353
8.0534
2.4186
6.6346
6.1749
5.4984
19.0336
9.8861
10.3515
10.3881
8.168
12.6432
3.8682
9.2022
8.2003
7.848
17.6015
7.417
7.2855
9.7101
12.6432
5.626
9.5112
9.2526
6.8939
14.7119
10.5435
2.4767
1.6256
7.44
21.3642
12.6432
10.9004
8.5622
8.7202
6.7385
15.8924
5.18
13.9659
9.049
3.1661
3.4309
2.6996
11.2123
7.3697
8.9765
7.4181
4.3099
7.2091
11.6129
2.914
9.4188
7.8132
7.6673
6.6086
3.0666
7.6212
10.0587
12.6432
7.1579
15.0392
11.4972
1.1904
0.01489
3.1115
22.7602
7.3205
1.2476
7.7023
5.774
0.68385
2.9957
3.1669
8.1964
8.593
16.3013
6.7273
3.8872
5.8208
19.8075
9.8822
5.0753
11.7346
12.8413
11.3617
16.9891
15.9158
15.7143
8.2959
6.0664
7.7351
8.3474
3.0198
0.10148
20.7577
19.5947
5.6045
11.571
18.359
6.6917
0.26254
5.9359
15.0085
0.44036
16.2445
8.5405
6.9215
14.9245
1.6363
14.0653
16.1812
19.2154
6.9778
12.6432
4.2954
12.2676
15.4083
7.2392
7.0469
9.2122
9.9351
2.7783
7.0567
0.74364
8.5295
4.1793
14.0262
13.6372
6.3141
9.72
12.6432
8.5608
1.6546
1.1857
0.40483
6.1172
12.2834
7.2483
7.1388
1.9301
14.5798
8.7147
0.56794
6.1723
17.02
17.2389
18.6797
0.91328
3.6819
12.4336
7.9973
17.0622
11.4364
22.7604
11.2947
4.3476
2.2951
14.421
22.5873
12.7635
5.5817
10.4028
10.9009
6.8287
6.8858